	SX	SY	SZ	SXY	SYZ	SXZ	S1	S2	S3	SINT	SEQV
Membrane	1.9357	6.2014	6.456	-3.3893	0.	0.	8.0731	6.456	6.3989e-002	8.0091	7.3355
Bending (Inside)	-4.8882	13.767	1.8065	0.	0.	0.	13.767	1.8065	-4.8882	18.655	16.369
Bending (Outside)	-1.9594	-13.436	-1.8065	0.	0.	0.	-1.8065	-1.9594	-13.436	11.629	11.554
Membrane+Bending (Inside)	-2.9525	19.969	8.2625	-3.3893	0.	0.	20.459	8.2625	-3.4432	23.902	20.702
Membrane+Bending (Center)	-1.4881	6.3671	6.456	-3.3893	0.	0.	7.6273	6.456	-2.7483	10.376	9.8424
Membrane+Bending (Outside)	-2.3685e-002	-7.2344	4.6496	-3.3893	0.	0.	4.6496	1.3193	-8.5774	13.227	11.916
Peak (Inside)	4.6566e-016	6.545	-0.25428	1.7661	0.	0.	6.9912	-0.25428	-0.44614	7.4373	7.3432
Peak (Center)	4.0048	-1.847	-0.29302	3.7514e-002	0.	0.	4.005	-0.29302	-1.8472	5.8522	5.2506
Peak (Outside)	5.8208e-017	1.8461	0.2754	3.662	0.	0.	4.6996	0.2754	-2.8535	7.5531	6.5732
Total (Inside)	-2.9525	26.514	8.0082	-1.6232	0.	0.	26.603	8.0082	-3.0417	29.644	25.949
Total (Center)	2.5167	4.5201	6.163	-3.3518	0.	0.	7.0166	6.163	2.0123e-002	6.9965	6.6112
Total (Outside)	-2.3685e-002	-5.3884	4.925	0.27275	0.	0.	4.925	-9.854e-003	-5.4022	10.327	8.9465

S (mm)	X Coordinate (mm)	Y Coordinate (mm)	Z Coordinate (mm)	Membrane (MPa)	Bending (MPa)	Membrane+Bending (MPa)	Peak (MPa)	Total (MPa)
0.	42.07	36.417	0.	8.0731	13.767	20.459	6.9912	26.603
0.10431	42.137	36.337	0.	8.0731	13.2	19.906	5.8824	25.773
0.20861	42.203	36.256	0.	8.0731	12.634	19.353	6.6293	25.398
0.31292	42.27	36.176	0.	8.0731	12.067	18.801	8.2437	25.348
0.41723	42.336	36.096	0.	8.0731	11.5	18.25	7.9845	23.715
0.52154	42.403	36.015	0.	8.0731	10.934	17.7	7.7434	21.927
0.62584	42.469	35.935	0.	8.0731	10.367	17.15	7.9894	20.553
0.73015	42.536	35.854	0.	8.0731	9.8001	16.602	8.1222	19.447
0.83446	42.602	35.774	0.	8.0731	9.2334	16.055	7.8057	18.261
0.93876	42.669	35.694	0.	8.0731	8.6666	15.509	7.572	17.048
1.0431	42.735	35.613	0.	8.0731	8.0999	14.965	7.4357	15.919
1.1474	42.802	35.533	0.	8.0731	7.5332	14.422	7.1024	15.039
1.2517	42.868	35.453	0.	8.0731	6.9664	13.881	6.8148	14.182
1.356	42.935	35.372	0.	8.0731	6.3997	13.342	6.568	13.346
1.4603	43.001	35.292	0.	8.0731	5.833	12.805	6.3121	12.6
1.5646	43.067	35.211	0.	8.0731	5.2662	12.271	6.0393	11.934
1.6689	43.134	35.131	0.	8.0731	4.6995	11.739	5.7902	11.278
1.7732	43.2	35.051	0.	8.0731	4.1328	11.209	5.5636	10.632
1.8775	43.267	34.97	0.	8.0731	3.5661	10.684	5.3087	10.065
1.9818	43.333	34.89	0.	8.0731	2.9993	10.162	5.0668	9.5167
2.0861	43.4	34.81	0.	8.0731	2.4326	9.6438	4.8476	8.9769
2.1904	43.466	34.729	0.	8.0731	1.8659	9.1307	4.6436	8.4539
2.2948	43.533	34.649	0.	8.0731	1.2991	8.6231	4.4166	7.9737
2.3991	43.599	34.568	0.	8.0731	0.7324	8.1216	4.205	7.4967
2.5034	43.666	34.488	0.	8.0731	0.16567	7.6273	4.005	7.0166
2.6077	43.732	34.408	0.	8.0731	-7.527e-002	7.141	3.8084	6.5472
2.712	43.799	34.327	0.	8.0731	-0.15054	6.6641	3.6127	6.1034
2.8163	43.865	34.247	0.	8.0731	-0.22581	6.2302	3.4346	6.007
2.9206	43.932	34.167	0.	8.0731	-0.30108	6.155	3.2767	5.9586
3.0249	43.998	34.086	0.	8.0731	-0.37635	6.0797	3.1375	5.9128
3.1292	44.065	34.006	0.	8.0731	-0.45162	6.0044	3.0186	5.8683
3.2335	44.131	33.925	0.	8.0731	-0.52689	5.9292	2.9256	5.8241
3.3378	44.198	33.845	0.	8.0731	-0.60216	5.8539	2.8623	5.7804
3.4421	44.264	33.765	0.	8.0731	-0.67743	5.7786	2.8309	5.7364
3.5464	44.331	33.684	0.	8.0731	-0.7527	5.7033	2.8336	5.6929
3.6507	44.397	33.604	0.	8.0731	-0.82797	5.6281	2.8706	5.6502
3.7551	44.464	33.524	0.	8.0731	-0.90324	5.5528	2.9378	5.6069
3.8594	44.53	33.443	0.	8.0731	-0.97851	5.4775	3.0237	5.5583
3.9637	44.597	33.363	0.	8.0731	-1.0538	5.4023	3.1357	5.5106
4.068	44.663	33.282	0.	8.0731	-1.1291	5.327	3.2732	5.4645
4.1723	44.73	33.202	0.	8.0731	-1.2043	5.2517	3.4169	5.4132
4.2766	44.796	33.122	0.	8.0731	-1.2796	5.1765	3.5679	5.3615
4.3809	44.863	33.041	0.	8.0731	-1.3549	5.1012	3.7258	5.3099
4.4852	44.929	32.961	0.	8.0731	-1.4301	5.0259	3.8865	5.2508
4.5895	44.995	32.881	0.	8.0731	-1.5054	4.9506	4.0494	5.1919
4.6938	45.062	32.8	0.	8.0731	-1.5807	4.8754	4.2139	5.1329
4.7981	45.128	32.72	0.	8.0731	-1.6559	4.8001	4.3746	5.0634
4.9024	45.195	32.64	0.	8.0731	-1.7312	4.7248	4.5365	4.9941
5.0067	45.261	32.559	0.	8.0731	-1.8065	4.6496	4.6996	4.925
