	SX	SY	SZ	SXY	SYZ	SXZ	S1	S2	S3	SINT	SEQV
Membrane	-0.99953	6.5186	16.884	-3.0287e-005	0.	0.	16.884	6.5186	-0.99953	17.883	15.553
Bending (Inside)	-0.99547	-3.1975	-2.0292	0.	0.	0.	-0.99547	-2.0292	-3.1975	2.2021	1.9082
Bending (Outside)	0.99961	3.081	2.0292	0.	0.	0.	3.081	2.0292	0.99961	2.0814	1.8026
Membrane+Bending (Inside)	-1.995	3.321	14.855	-3.0287e-005	0.	0.	14.855	3.321	-1.995	16.85	14.92
Membrane+Bending (Center)	-0.99745	6.4603	16.884	-3.0287e-005	0.	0.	16.884	6.4603	-0.99745	17.881	15.557
Membrane+Bending (Outside)	8.3885e-005	9.5996	18.913	-3.0287e-005	0.	0.	18.913	9.5996	8.3884e-005	18.913	16.38
Peak (Inside)	0.	-5.8284e-002	4.5247e-002	2.8383e-003	0.	0.	4.5247e-002	1.379e-004	-5.8422e-002	0.10367	9.0032e-002
Peak (Center)	-2.5427e-003	2.8242e-002	1.1428e-002	3.6901e-005	0.	0.	2.8242e-002	1.1428e-002	-2.5427e-003	3.0785e-002	2.6698e-002
Peak (Outside)	4.0117e-017	-5.0189e-002	-2.7118e-002	1.209e-006	0.	0.	2.9122e-011	-2.7118e-002	-5.0189e-002	5.0189e-002	4.3512e-002
Total (Inside)	-1.995	3.2628	14.9	2.8081e-003	0.	0.	14.9	3.2628	-1.995	16.895	14.975
Total (Center)	-1.	6.4886	16.895	6.6134e-006	0.	0.	16.895	6.4886	-1.	17.895	15.566
Total (Outside)	8.3885e-005	9.5494	18.886	-2.9078e-005	0.	0.	18.886	9.5494	8.3885e-005	18.886	16.356

S (mm)	X Coordinate (mm)	Y Coordinate (mm)	Z Coordinate (mm)	Membrane (MPa)	Bending (MPa)	Membrane+Bending (MPa)	Peak (MPa)	Total (MPa)
0.	42.4	126.72	0.	15.553	1.9082	14.92	9.0032e-002	14.975
0.10417	42.504	126.72	0.	15.553	1.831	14.942	7.3712e-002	14.984
0.20833	42.608	126.72	0.	15.553	1.7537	14.965	5.7682e-002	14.994
0.3125	42.712	126.72	0.	15.553	1.6764	14.988	4.2274e-002	15.004
0.41667	42.817	126.72	0.	15.553	1.5991	15.012	2.8513e-002	15.015
0.52083	42.921	126.72	0.	15.553	1.5218	15.036	2.0124e-002	15.026
0.625	43.025	126.72	0.	15.553	1.4445	15.06	1.9647e-002	15.043
0.72917	43.129	126.72	0.	15.553	1.3672	15.085	1.7424e-002	15.068
0.83333	43.233	126.72	0.	15.553	1.2899	15.11	1.5941e-002	15.094
0.9375	43.337	126.72	0.	15.553	1.2127	15.135	1.5413e-002	15.12
1.0417	43.442	126.72	0.	15.553	1.1354	15.161	1.5935e-002	15.146
1.1458	43.546	126.72	0.	15.553	1.0581	15.187	1.7413e-002	15.173
1.25	43.65	126.72	0.	15.553	0.98082	15.213	1.9124e-002	15.201
1.3542	43.754	126.72	0.	15.553	0.90355	15.24	1.9429e-002	15.23
1.4583	43.858	126.72	0.	15.553	0.82629	15.267	2.0096e-002	15.259
1.5625	43.962	126.72	0.	15.553	0.74903	15.294	2.1091e-002	15.288
1.6667	44.067	126.72	0.	15.553	0.67179	15.322	2.237e-002	15.318
1.7708	44.171	126.72	0.	15.553	0.59456	15.35	2.3886e-002	15.349
1.875	44.275	126.72	0.	15.553	0.51735	15.379	2.5599e-002	15.379
1.9792	44.379	126.72	0.	15.553	0.44017	15.408	2.6205e-002	15.41
2.0833	44.483	126.72	0.	15.553	0.36304	15.437	2.6146e-002	15.44
2.1875	44.587	126.72	0.	15.553	0.28601	15.466	2.6167e-002	15.471
2.2917	44.692	126.72	0.	15.553	0.20919	15.496	2.6267e-002	15.503
2.3958	44.796	126.72	0.	15.553	0.13291	15.526	2.6444e-002	15.534
2.5	44.9	126.72	0.	15.553	5.9328e-002	15.557	2.6698e-002	15.566
2.6042	45.004	126.72	0.	15.553	3.6424e-002	15.587	2.7027e-002	15.599
2.7083	45.108	126.72	0.	15.553	0.10528	15.618	2.5845e-002	15.63
2.8125	45.212	126.72	0.	15.553	0.18109	15.65	2.4648e-002	15.662
2.9167	45.317	126.72	0.	15.553	0.25778	15.681	2.3486e-002	15.694
3.0208	45.421	126.72	0.	15.553	0.33476	15.714	2.2364e-002	15.726
3.125	45.525	126.72	0.	15.553	0.41185	15.746	2.1289e-002	15.759
3.2292	45.629	126.72	0.	15.553	0.48902	15.779	2.0268e-002	15.792
3.3333	45.733	126.72	0.	15.553	0.56621	15.812	1.8495e-002	15.824
3.4375	45.837	126.72	0.	15.553	0.64344	15.845	1.6034e-002	15.857
3.5417	45.942	126.72	0.	15.553	0.72068	15.878	1.3658e-002	15.889
3.6458	46.046	126.72	0.	15.553	0.79793	15.912	1.1421e-002	15.922
3.75	46.15	126.72	0.	15.553	0.87519	15.946	9.4244e-003	15.955
3.8542	46.254	126.72	0.	15.553	0.95246	15.981	7.8515e-003	15.989
3.9583	46.358	126.72	0.	15.553	1.0297	16.016	6.3135e-003	16.022
4.0625	46.462	126.72	0.	15.553	1.107	16.051	6.6207e-003	16.054
4.1667	46.567	126.72	0.	15.553	1.1843	16.086	8.8264e-003	16.088
4.2708	46.671	126.72	0.	15.553	1.2616	16.122	1.192e-002	16.121
4.375	46.775	126.72	0.	15.553	1.3389	16.158	1.5374e-002	16.155
4.4792	46.879	126.72	0.	15.553	1.4161	16.194	1.9341e-002	16.188
4.5833	46.983	126.72	0.	15.553	1.4934	16.231	2.4022e-002	16.221
4.6875	47.087	126.72	0.	15.553	1.5707	16.268	2.8818e-002	16.254
4.7917	47.192	126.72	0.	15.553	1.648	16.305	3.368e-002	16.288
4.8958	47.296	126.72	0.	15.553	1.7253	16.342	3.8583e-002	16.322
5.	47.4	126.72	0.	15.553	1.8026	16.38	4.3512e-002	16.356
