	SX	SY	SZ	SXY	SYZ	SXZ	S1	S2	S3	SINT	SEQV
Membrane	-0.67428	-0.63416	-5.8188	0.26552	0.	0.	-0.38794	-0.9205	-5.8188	5.4308	5.1851
Bending (Inside)	-0.28883	-5.8114	-14.109	0.	0.	0.	-0.28883	-5.8114	-14.109	13.82	12.049
Bending (Outside)	1.0214	5.2697	14.109	0.	0.	0.	14.109	5.2697	1.0214	13.088	11.565
Membrane+Bending (Inside)	-0.96311	-6.4456	-19.928	0.26552	0.	0.	-0.95028	-6.4584	-19.928	18.978	16.91
Membrane+Bending (Center)	-0.30799	-0.90503	-5.8188	0.26552	0.	0.	-0.20699	-1.006	-5.8188	5.6118	5.258
Membrane+Bending (Outside)	0.34713	4.6355	8.2905	0.26552	0.	0.	8.2905	4.6519	0.33075	7.9597	6.9018
Peak (Inside)	0.	-0.26098	-14.156	1.2061	0.	0.	1.0826	-1.3436	-14.156	15.238	14.182
Peak (Center)	-0.51538	0.10455	2.8753	0.18073	0.	0.	2.8753	0.15339	-0.56422	3.4395	3.1428
Peak (Outside)	0.	-0.35063	-4.6052	-1.49	0.	0.	1.325	-1.6756	-4.6052	5.9301	5.1358
Total (Inside)	-0.96311	-6.7066	-34.084	1.4716	0.	0.	-0.608	-7.0617	-34.084	33.476	30.761
Total (Center)	-0.82337	-0.80048	-2.9435	0.44625	0.	0.	-0.36552	-1.2583	-2.9435	2.578	2.2675
Total (Outside)	0.34713	4.2849	3.6853	-1.2245	0.	0.	4.6346	3.6853	-2.5764e-003	4.6372	4.243

S (mm)	X Coordinate (mm)	Y Coordinate (mm)	Z Coordinate (mm)	Membrane (MPa)	Bending (MPa)	Membrane+Bending (MPa)	Peak (MPa)	Total (MPa)
0.	15.115	-0.80108	0.	5.1851	12.049	16.91	14.182	30.761
0.10826	15.223	-0.80326	0.	5.1851	11.558	16.421	11.107	27.228
0.21653	15.331	-0.80544	0.	5.1851	11.067	15.931	8.0869	23.746
0.32479	15.44	-0.80762	0.	5.1851	10.576	15.442	5.1333	20.314
0.43305	15.548	-0.80981	0.	5.1851	10.085	14.953	3.3879	18.052
0.54131	15.656	-0.81199	0.	5.1851	9.5941	14.464	2.1776	16.267
0.64958	15.764	-0.81417	0.	5.1851	9.1033	13.975	1.2459	14.53
0.75784	15.873	-0.81635	0.	5.1851	8.6125	13.486	1.169	13.003
0.8661	15.981	-0.81853	0.	5.1851	8.1219	12.997	1.5019	11.928
0.97437	16.089	-0.82071	0.	5.1851	7.6314	12.509	1.9579	10.86
1.0826	16.197	-0.82289	0.	5.1851	7.141	12.021	2.4652	9.7998
1.1909	16.306	-0.82507	0.	5.1851	6.6508	11.533	2.8405	8.9032
1.2992	16.414	-0.82725	0.	5.1851	6.1607	11.046	3.0622	8.1742
1.4074	16.522	-0.82944	0.	5.1851	5.671	10.559	3.2714	7.4631
1.5157	16.63	-0.83162	0.	5.1851	5.1815	10.073	3.4713	6.7655
1.6239	16.739	-0.8338	0.	5.1851	4.6925	9.5865	3.5836	6.1579
1.7322	16.847	-0.83598	0.	5.1851	4.2041	9.101	3.62	5.6271
1.8405	16.955	-0.83816	0.	5.1851	3.7165	8.6163	3.657	5.0976
1.9487	17.063	-0.84034	0.	5.1851	3.2301	8.1323	3.6934	4.5708
2.057	17.171	-0.84252	0.	5.1851	2.7455	7.6493	3.6967	4.0802
2.1653	17.28	-0.8447	0.	5.1851	2.2639	7.1675	3.5994	3.6939
2.2735	17.388	-0.84689	0.	5.1851	1.7877	6.687	3.5019	3.3116
2.3818	17.496	-0.84907	0.	5.1851	1.3228	6.2083	3.4042	2.9348
2.49	17.604	-0.85125	0.	5.1851	0.88694	5.7318	3.3065	2.5657
2.5983	17.713	-0.85343	0.	5.1851	0.55385	5.258	3.1428	2.2675
2.7066	17.821	-0.85561	0.	5.1851	0.55678	4.7878	2.9399	2.0176
2.8148	17.929	-0.85779	0.	5.1851	0.89242	4.3223	2.7375	1.7855
2.9231	18.037	-0.85997	0.	5.1851	1.3289	3.8633	2.5355	1.5788
3.0314	18.146	-0.86215	0.	5.1851	1.7941	3.4134	2.3342	1.409
3.1396	18.254	-0.86434	0.	5.1851	2.2704	2.9766	2.0858	1.318
3.2479	18.362	-0.86652	0.	5.1851	2.752	2.5598	1.8149	1.2895
3.3561	18.47	-0.8687	0.	5.1851	3.2367	2.1744	1.5472	1.31
3.4644	18.579	-0.87088	0.	5.1851	3.7231	1.8403	1.2847	1.3773
3.5727	18.687	-0.87306	0.	5.1851	4.2107	1.5901	1.0315	1.4851
3.6809	18.795	-0.87524	0.	5.1851	4.6991	1.4674	0.77513	1.6249
3.7892	18.903	-0.87742	0.	5.1851	5.1881	1.5038	0.59096	1.784
3.8975	19.012	-0.8796	0.	5.1851	5.6776	1.6889	0.57351	1.9568
4.0057	19.12	-0.88178	0.	5.1851	6.1673	1.9816	0.73445	2.1398
4.114	19.228	-0.88397	0.	5.1851	6.6573	2.3419	0.99011	2.3305
4.2223	19.336	-0.88615	0.	5.1851	7.1476	2.7432	1.349	2.523
4.3305	19.445	-0.88833	0.	5.1851	7.638	3.17	1.7291	2.72
4.4388	19.553	-0.89051	0.	5.1851	8.1285	3.6133	2.1159	2.9201
4.547	19.661	-0.89269	0.	5.1851	8.6191	4.0677	2.5062	3.122
4.6553	19.769	-0.89487	0.	5.1851	9.1099	4.5299	2.9002	3.3242
4.7636	19.878	-0.89705	0.	5.1851	9.6007	4.9976	3.3481	3.5026
4.8718	19.986	-0.89923	0.	5.1851	10.092	5.4696	3.796	3.6849
4.9801	20.094	-0.90142	0.	5.1851	10.582	5.9447	4.2435	3.8697
5.0884	20.202	-0.9036	0.	5.1851	11.073	6.4222	4.6901	4.056
5.1966	20.31	-0.90578	0.	5.1851	11.565	6.9018	5.1358	4.243
