nodenumber,    x-coordinate,    y-coordinate,        pressure
         1,-1.716100522E-03, 1.494383131E-02, 8.698592602E+05
         2,-1.569113398E-03, 1.494534769E-02, 8.344293498E+05
         3,-1.863071229E-03, 1.494709074E-02, 9.078258697E+05
         4,-1.422123757E-03, 1.494759671E-02, 8.337513693E+05
         5,-1.275134115E-03, 1.494984572E-02, 8.362470807E+05
         6,-2.010041937E-03, 1.495035017E-02, 9.135025644E+05
         7,-1.128144473E-03, 1.495209473E-02, 8.356691050E+05
         8,-2.157012645E-03, 1.495360959E-02, 9.124488945E+05
         9,-9.811548316E-04, 1.495434375E-02, 8.260730868E+05
        10,-2.303983352E-03, 1.495686902E-02, 9.074887335E+05
        11,-8.341902559E-04, 1.495732885E-02, 7.882117442E+05
        12,-2.450954060E-03, 1.496012845E-02, 9.175854957E+05
        13,-6.873881193E-04, 1.496508421E-02, 7.605638361E+05
        14,-2.597834723E-03, 1.496558768E-02, 9.567433729E+05
        15,-5.405859827E-04, 1.497283956E-02, 7.631932443E+05
        16,-2.744580140E-03, 1.497435097E-02, 9.862726348E+05
        17,-3.937838461E-04, 1.498059491E-02, 7.638690284E+05
        18,-2.891325558E-03, 1.498311427E-02, 9.877306008E+05
        19,-2.469817096E-04, 1.498835026E-02, 7.618413616E+05
        20,-3.038070975E-03, 1.499187756E-02, 9.801295370E+05
        21,-1.001795730E-04, 1.499610562E-02, 7.482319873E+05
        22,-3.184816392E-03, 1.500064085E-02, 9.691799812E+05
        23, 4.653662185E-05, 1.500519596E-02, 7.072999680E+05
        24,-3.331561810E-03, 1.500940415E-02, 9.891937527E+05
        25, 1.928960339E-04, 1.501893218E-02, 6.561567065E+05
        26,-3.478019803E-03, 1.502182682E-02, 1.035059590E+06
        27,-3.624333890E-03, 1.503608168E-02, 1.061519679E+06
        28, 3.388575260E-04, 1.503639336E-02, 6.136086122E+05
        29,-3.770647976E-03, 1.505033653E-02, 1.068623666E+06
        30, 4.843268942E-04, 1.505756825E-02, 5.732372080E+05
        31,-3.916962063E-03, 1.506459139E-02, 1.065263390E+06
        32,-4.063276150E-03, 1.507884624E-02, 1.053484845E+06
        33, 6.292000549E-04, 1.508249859E-02, 5.348724551E+05
        34,-4.209590236E-03, 1.509310110E-02, 1.075084083E+06
        35, 7.733825540E-04, 1.511115343E-02, 4.989368236E+05
        36,-4.355310191E-03, 1.511246116E-02, 1.115570298E+06
        37,-4.500987512E-03, 1.513218756E-02, 1.132193079E+06
        38, 9.167879411E-04, 1.514347294E-02, 4.656912738E+05
        39,-4.646664834E-03, 1.515191396E-02, 1.138700389E+06
        40,-4.792342155E-03, 1.517164036E-02, 1.136736359E+06
        41, 1.059323660E-03, 1.517943627E-02, 4.435317542E+05
        42,-4.938019476E-03, 1.519136676E-02, 1.134011305E+06
        43,-5.083528765E-03, 1.521218045E-02, 1.157859820E+06
        44,-5.228364780E-03, 1.523735070E-02, 1.189567497E+06
        45, 1.349223016E-03, 1.525662670E-02, 4.292404321E+05
        46,-5.373200796E-03, 1.526252095E-02, 1.202344720E+06
        47,-5.518036811E-03, 1.528769120E-02, 1.207790465E+06
        48,-5.662872826E-03, 1.531286145E-02, 1.205643764E+06
        49, 1.639122372E-03, 1.533381714E-02, 4.264294550E+05
        50,-5.807708841E-03, 1.533803170E-02, 1.211218505E+06
        51,-5.952057615E-03, 1.536572453E-02, 1.236683814E+06
        52,-6.095848965E-03, 1.539630329E-02, 1.260306891E+06
        53, 1.929021727E-03, 1.541100758E-02, 4.239735892E+05
        54,-6.239640315E-03, 1.542688205E-02, 1.270918907E+06
        55,-6.383431665E-03, 1.545746080E-02, 1.275284470E+06
        56,-6.527223015E-03, 1.548803956E-02, 1.272502054E+06
        57, 2.218921083E-03, 1.548819801E-02, 4.215729373E+05
        58,-6.671014365E-03, 1.551861832E-02, 1.284410246E+06
        59,-6.813891874E-03, 1.555313053E-02, 1.311165246E+06
        60, 2.508820439E-03, 1.556538845E-02, 4.191253402E+05
        61,-6.956436667E-03, 1.558907487E-02, 1.328339770E+06
        62,-7.098981459E-03, 1.562501920E-02, 1.337167306E+06
        63, 2.798719795E-03, 1.564257888E-02, 4.165971677E+05
        64,-7.241526251E-03, 1.566096353E-02, 1.340468844E+06
        65,-7.384071044E-03, 1.569690786E-02, 1.336868598E+06
        66, 3.088619151E-03, 1.571976932E-02, 4.139806986E+05
        67,-7.526615836E-03, 1.573285219E-02, 1.353731638E+06
        68,-7.667714256E-03, 1.577411043E-02, 1.381264467E+06
        69, 3.378518507E-03, 1.579695976E-02, 4.112775470E+05
        70,-7.808812348E-03, 1.581536986E-02, 1.392838943E+06
        71,-7.949910441E-03, 1.585662930E-02, 1.399875010E+06
        72, 3.668417863E-03, 1.587415019E-02, 4.084921905E+05
        73,-8.091008533E-03, 1.589788874E-02, 1.401695741E+06
        74,-8.232106625E-03, 1.593914817E-02, 1.403882713E+06
        75, 3.958317219E-03, 1.595134063E-02, 4.056300782E+05
        76,-8.372766449E-03, 1.598180841E-02, 1.422266805E+06
        77,-8.512219730E-03, 1.602832502E-02, 1.443702146E+06
        78, 4.248216575E-03, 1.602853107E-02, 4.026968224E+05
        79,-8.651673012E-03, 1.607484164E-02, 1.453382851E+06
        80, 4.538115931E-03, 1.610572150E-02, 3.996979341E+05
        81,-8.791126293E-03, 1.612135825E-02, 1.459015707E+06
        82,-8.930579574E-03, 1.616787486E-02, 1.459563578E+06
        83, 4.828015287E-03, 1.618291194E-02, 3.966388885E+05
        84,-9.070032855E-03, 1.621439147E-02, 1.466525467E+06
        85, 5.117914643E-03, 1.626010237E-02, 3.935250517E+05
        86,-9.208504838E-03, 1.626367606E-02, 1.485957441E+06
        87,-9.346117506E-03, 1.631538453E-02, 1.502100033E+06
        88, 5.407813999E-03, 1.633729281E-02, 3.903615956E+05
        89,-9.483730175E-03, 1.636709300E-02, 1.510187826E+06
        90, 5.697713355E-03, 1.641448325E-02, 3.871535644E+05
        91,-9.621342843E-03, 1.641880148E-02, 1.514593419E+06
        92,-9.758955512E-03, 1.647050995E-02, 1.513994726E+06
        93, 5.987612711E-03, 1.649167368E-02, 3.839058507E+05
        94,-9.896568180E-03, 1.652221843E-02, 1.524841129E+06
        95, 6.277512067E-03, 1.656886412E-02, 3.806231313E+05
        96,-1.003255415E-02, 1.657802138E-02, 1.544863643E+06
        97,-1.016813299E-02, 1.663484911E-02, 1.556325051E+06
        98, 6.567411423E-03, 1.664605455E-02, 3.773097751E+05
        99,-1.030371183E-02, 1.669167685E-02, 1.562989737E+06
       100, 6.857310778E-03, 1.672324499E-02, 3.739698643E+05
       101,-1.043929067E-02, 1.674850458E-02, 1.566203164E+06
       102, 7.147210134E-03, 1.680043543E-02, 3.706073139E+05
       103,-1.057486951E-02, 1.680533231E-02, 1.565851447E+06
       104,-1.071030044E-02, 1.686249518E-02, 1.579314343E+06
       105, 7.437109490E-03, 1.687762586E-02, 3.672258037E+05
       106,-1.084365508E-02, 1.692436238E-02, 1.598293718E+06
       107, 7.727008846E-03, 1.695481630E-02, 3.638287659E+05
       108,-1.097700973E-02, 1.698622958E-02, 1.606189772E+06
       109, 8.016908202E-03, 1.703200673E-02, 3.604194683E+05
       110,-1.111036438E-02, 1.704809679E-02, 1.611489134E+06
       111, 8.306807558E-03, 1.710919717E-02, 3.570008833E+05
       112,-1.124371902E-02, 1.710996399E-02, 1.613355557E+06
       113,-1.137707367E-02, 1.717183120E-02, 1.616687953E+06
       114, 8.596706914E-03, 1.718638761E-02, 3.535757565E+05
       115,-1.150962487E-02, 1.723534852E-02, 1.630776381E+06
       116, 8.886606270E-03, 1.726357804E-02, 3.501466852E+05
       117,-1.164056809E-02, 1.730216833E-02, 1.645250588E+06
       118, 9.176505626E-03, 1.734076848E-02, 3.467160363E+05
       119,-1.177151131E-02, 1.736898814E-02, 1.651799876E+06
       120, 9.466404982E-03, 1.741795891E-02, 3.432860365E+05
       121,-1.190245452E-02, 1.743580794E-02, 1.655945884E+06
       122, 9.756304338E-03, 1.749514935E-02, 3.398587348E+05
       123,-1.203339774E-02, 1.750262775E-02, 1.656641537E+06
       124,-1.216434096E-02, 1.756944756E-02, 1.662978373E+06
       125, 1.004620369E-02, 1.757233979E-02, 3.364360395E+05
       126,-1.229372736E-02, 1.763918198E-02, 1.677326501E+06
       127, 1.033610305E-02, 1.764953022E-02, 3.330197897E+05
       128,-1.242207529E-02, 1.771086057E-02, 1.687776326E+06
       129, 1.062600241E-02, 1.772672066E-02, 3.296116714E+05
       130,-1.255042322E-02, 1.778253917E-02, 1.693117775E+06
       131, 1.091590176E-02, 1.780391110E-02, 3.262132513E+05
       132,-1.267877116E-02, 1.785421776E-02, 1.696218291E+06
       133, 1.120580112E-02, 1.788110153E-02, 3.228259847E+05
       134,-1.280711909E-02, 1.792589636E-02, 1.695864873E+06
       135, 1.149570047E-02, 1.795829197E-02, 3.194512951E+05
       136,-1.293546702E-02, 1.799757495E-02, 1.704623762E+06
       137, 1.178559983E-02, 1.803548240E-02, 3.160904815E+05
       138,-1.306140987E-02, 1.807337669E-02, 1.718986343E+06
       139, 1.207549919E-02, 1.811267284E-02, 3.127447472E+05
       140,-1.318698231E-02, 1.814981343E-02, 1.725920495E+06
       141, 1.236539854E-02, 1.818986328E-02, 3.094153206E+05
       142,-1.331255475E-02, 1.822625017E-02, 1.730210474E+06
       143, 1.265529790E-02, 1.826705371E-02, 3.061031996E+05
       144,-1.343812719E-02, 1.830268690E-02, 1.732303527E+06
       145, 1.294519725E-02, 1.834424415E-02, 3.028090246E+05
       146,-1.356369963E-02, 1.837912364E-02, 1.732907544E+06
       147, 1.323509661E-02, 1.842143458E-02, 2.995337373E+05
       148,-1.368887881E-02, 1.845617999E-02, 1.742872037E+06
       149, 1.352499597E-02, 1.849862502E-02, 2.962785362E+05
       150,-1.381149945E-02, 1.853726755E-02, 1.755368317E+06
       151, 1.381489532E-02, 1.857581546E-02, 2.930443518E+05
       152,-1.393412009E-02, 1.861835511E-02, 1.760224354E+06
       153, 1.410479468E-02, 1.865300589E-02, 2.898320065E+05
       154,-1.405674072E-02, 1.869944267E-02, 1.763582700E+06
       155, 1.439469403E-02, 1.873019633E-02, 2.866421776E+05
       156,-1.417936136E-02, 1.878053023E-02, 1.764691083E+06
       157, 1.468459339E-02, 1.880738676E-02, 2.834755654E+05
       158,-1.430198200E-02, 1.886161779E-02, 1.767753613E+06
       159, 1.497449274E-02, 1.888457720E-02, 2.803328869E+05
       160,-1.442335333E-02, 1.894451972E-02, 1.777895971E+06
       161, 1.526439210E-02, 1.896176764E-02, 2.772146815E+05
       162,-1.454284999E-02, 1.903014425E-02, 1.787119546E+06
       163, 1.555429146E-02, 1.903895807E-02, 2.741214358E+05
       164,-1.466234666E-02, 1.911576878E-02, 1.791109987E+06
       165, 1.584419081E-02, 1.911614851E-02, 2.710536667E+05
       166, 1.613409017E-02, 1.919333895E-02, 2.680118524E+05
       167,-1.478184332E-02, 1.920139331E-02, 1.793678269E+06
       168, 1.642398952E-02, 1.927052938E-02, 2.649963780E+05
       169,-1.490133999E-02, 1.928701783E-02, 1.793946134E+06
       170, 1.671388888E-02, 1.934771982E-02, 2.620075923E+05
       171,-1.502083666E-02, 1.937264236E-02, 1.799006492E+06
       172, 1.700378824E-02, 1.942491025E-02, 2.590458613E+05
       173,-1.513813907E-02, 1.946121105E-02, 1.809137897E+06
       174, 1.729368759E-02, 1.950210069E-02, 2.561115180E+05
       175,-1.525434398E-02, 1.955125233E-02, 1.815518047E+06
       176, 1.758358695E-02, 1.957929113E-02, 2.532047927E+05
       177,-1.537054889E-02, 1.964129360E-02, 1.818804052E+06
       178, 1.787348630E-02, 1.965648156E-02, 2.503258748E+05
       179,-1.548675381E-02, 1.973133488E-02, 1.820747441E+06
       180, 1.816338566E-02, 1.973367200E-02, 2.474750047E+05
       181, 1.845328502E-02, 1.981086243E-02, 2.446523863E+05
       182,-1.560295872E-02, 1.982137615E-02, 1.820354875E+06
       183, 1.874318437E-02, 1.988805287E-02, 2.418581579E+05
       184,-1.571916363E-02, 1.991141742E-02, 1.827035242E+06
       185, 1.903308373E-02, 1.996524331E-02, 2.390924315E+05
       186,-1.583214417E-02, 2.000546274E-02, 1.836990508E+06
       187, 1.932298308E-02, 2.004243374E-02, 2.363552810E+05
       188,-1.594489417E-02, 2.009979434E-02, 1.840848689E+06
       189, 1.961288244E-02, 2.011962418E-02, 2.336467954E+05
       190,-1.605764417E-02, 2.019412593E-02, 1.843410936E+06
       191, 1.990278180E-02, 2.019681461E-02, 2.309670345E+05
       192, 2.019268115E-02, 2.027400505E-02, 2.283160393E+05
       193,-1.617039417E-02, 2.028845753E-02, 1.844590398E+06
       194, 2.048258051E-02, 2.035119549E-02, 2.256938085E+05
       195,-1.628314417E-02, 2.038278913E-02, 1.845468178E+06
       196, 2.077247986E-02, 2.042838592E-02, 2.231002890E+05
       197,-1.639517169E-02, 2.047795211E-02, 1.852512175E+06
       198, 2.106237922E-02, 2.050557636E-02, 2.205354672E+05
       199,-1.650430847E-02, 2.057644158E-02, 1.860421013E+06
       200, 2.135227858E-02, 2.058276680E-02, 2.179993045E+05
       201, 2.164217793E-02, 2.065995723E-02, 2.154917665E+05
       202,-1.661344525E-02, 2.067493106E-02, 1.863250773E+06
       203, 2.193207729E-02, 2.073714767E-02, 2.130128654E+05
       204,-1.672258203E-02, 2.077342053E-02, 1.865225293E+06
       205, 2.222197664E-02, 2.081433810E-02, 2.105624926E+05
       206,-1.683171881E-02, 2.087191000E-02, 1.865749056E+06
       207, 2.251187600E-02, 2.089152854E-02, 2.081403884E+05
       208, 2.280177536E-02, 2.096871898E-02, 2.057463538E+05
       209,-1.694085559E-02, 2.097039947E-02, 1.868233357E+06
       210, 2.309167471E-02, 2.104590941E-02, 2.033802719E+05
       211,-1.704823480E-02, 2.107076463E-02, 1.875194453E+06
       212, 2.338157407E-02, 2.112309985E-02, 2.010420404E+05
       213,-1.715360513E-02, 2.117327369E-02, 1.880763033E+06
       214, 2.367147342E-02, 2.120029028E-02, 1.987315753E+05
       215,-1.725897545E-02, 2.127578275E-02, 1.883063425E+06
       216, 2.396137278E-02, 2.127748072E-02, 1.964485020E+05
       217, 2.425127213E-02, 2.135467116E-02, 1.941924240E+05
       218,-1.736434578E-02, 2.137829181E-02, 1.884595077E+06
       219, 2.454117149E-02, 2.143186159E-02, 1.919633062E+05
       220,-1.746971610E-02, 2.148080088E-02, 1.884718531E+06
       221, 2.483107085E-02, 2.150905203E-02, 1.897611172E+05
       222,-1.757508642E-02, 2.158330994E-02, 1.888763386E+06
       223, 2.512097020E-02, 2.158624246E-02, 1.875857114E+05
       224, 2.541086956E-02, 2.166343290E-02, 1.854368989E+05
       225,-1.767758624E-02, 2.168866109E-02, 1.896020432E+06
       226, 2.570076891E-02, 2.174062334E-02, 1.833144748E+05
       227,-1.777904217E-02, 2.179504581E-02, 1.900328063E+06
       228, 2.599066827E-02, 2.181781377E-02, 1.812182171E+05
       229, 2.628056763E-02, 2.189500421E-02, 1.791478974E+05
       230,-1.788049809E-02, 2.190143053E-02, 1.903298082E+06
       231, 2.657046698E-02, 2.197219465E-02, 1.771032901E+05
       232,-1.798195401E-02, 2.200781525E-02, 1.906250617E+06
       233, 2.686036634E-02, 2.204938508E-02, 1.750841661E+05
       234,-1.808340993E-02, 2.211419997E-02, 1.909551278E+06
       235, 2.715026569E-02, 2.212657552E-02, 1.730902932E+05
       236, 2.744016505E-02, 2.220376595E-02, 1.711214357E+05
       237,-1.818486585E-02, 2.222058469E-02, 1.914961566E+06
       238, 2.773006441E-02, 2.228095639E-02, 1.691773551E+05
       239, 2.801996376E-02, 2.235814683E-02, 1.672578108E+05
       240, 2.830986312E-02, 2.243533726E-02, 1.653625618E+05
       241, 2.859976247E-02, 2.251252770E-02, 1.634913662E+05
       242, 2.888966183E-02, 2.258971813E-02, 1.616439708E+05
       243,-1.857923041E-02, 2.264993396E-02, 1.932418772E+06
       244, 2.917956119E-02, 2.266690857E-02, 1.598201122E+05
       245, 2.946946054E-02, 2.274409901E-02, 1.580195330E+05
       246, 2.975935990E-02, 2.282128944E-02, 1.562419839E+05
       247, 3.004925925E-02, 2.289847988E-02, 1.544872164E+05
       248, 3.033915861E-02, 2.297567031E-02, 1.527549798E+05
       249, 3.062905797E-02, 2.305286075E-02, 1.510450224E+05
       250,-1.897359496E-02, 2.307928322E-02, 1.938450960E+06
       251, 3.091895732E-02, 2.313005119E-02, 1.493570937E+05
       252, 3.120885668E-02, 2.320724162E-02, 1.476909471E+05
       253, 3.149875603E-02, 2.328443206E-02, 1.460463278E+05
       254, 3.178865539E-02, 2.336162250E-02, 1.444229811E+05
       255, 3.207855475E-02, 2.343881293E-02, 1.428206759E+05
       256,-1.936795952E-02, 2.350863248E-02, 1.943800460E+06
       257, 3.236845410E-02, 2.351600337E-02, 1.412391965E+05
       258, 3.265835346E-02, 2.359319380E-02, 1.396780771E+05
       259, 3.294825281E-02, 2.367038424E-02, 1.381369304E+05
       260, 3.323815217E-02, 2.374757468E-02, 1.366156735E+05
       261, 3.352805152E-02, 2.382476511E-02, 1.351141491E+05
       262, 3.381795088E-02, 2.390195555E-02, 1.336321387E+05
       263,-1.976232408E-02, 2.393798174E-02, 1.948568346E+06
       264, 3.410785024E-02, 2.397914598E-02, 1.321694077E+05
       265, 3.439774959E-02, 2.405633642E-02, 1.307257123E+05
       266, 3.468764895E-02, 2.413352686E-02, 1.293008033E+05
       267, 3.497754830E-02, 2.421071729E-02, 1.278944354E+05
       268, 3.526744766E-02, 2.428790773E-02, 1.265063727E+05
       269, 3.555734702E-02, 2.436509816E-02, 1.251363827E+05
       270,-2.015668863E-02, 2.436733100E-02, 1.952806011E+06
       271, 3.584724637E-02, 2.444228860E-02, 1.237842334E+05
       272, 3.613714573E-02, 2.451947904E-02, 1.224496944E+05
       273, 3.642704508E-02, 2.459666947E-02, 1.211325367E+05
       274, 3.671694444E-02, 2.467385991E-02, 1.198325335E+05
       275, 3.700684380E-02, 2.475105034E-02, 1.185494615E+05
       276,-2.055105319E-02, 2.479668027E-02, 1.956588232E+06
       277, 3.729674315E-02, 2.482824078E-02, 1.172830927E+05
       278, 3.758664251E-02, 2.490543122E-02, 1.160331997E+05
       279, 3.787654186E-02, 2.498262165E-02, 1.147995613E+05
       280, 3.816644122E-02, 2.505981209E-02, 1.135819594E+05
       281, 3.845634058E-02, 2.513700253E-02, 1.123801784E+05
       282, 3.874623993E-02, 2.521419296E-02, 1.111940060E+05
       283,-2.094541775E-02, 2.522602953E-02, 1.959988632E+06
       284, 3.903613929E-02, 2.529138340E-02, 1.100232338E+05
       285, 3.932603864E-02, 2.536857383E-02, 1.088676623E+05
       286, 3.961593800E-02, 2.544576427E-02, 1.077271088E+05
       287, 3.990583736E-02, 2.552295471E-02, 1.066013919E+05
       288, 4.019573671E-02, 2.560014514E-02, 1.054901534E+05
       289,-2.133978230E-02, 2.565537879E-02, 1.963062670E+06
       290, 4.048563607E-02, 2.567733558E-02, 1.043930833E+05
       291, 4.077553542E-02, 2.575452601E-02, 1.033100871E+05
       292, 4.106543478E-02, 2.583171645E-02, 1.022410364E+05
       293, 4.135533414E-02, 2.590890689E-02, 1.011857597E+05
       294, 4.164523349E-02, 2.598609732E-02, 1.001440738E+05
       295, 4.193513285E-02, 2.606328776E-02, 9.911579313E+04
       296,-2.173414686E-02, 2.608472805E-02, 1.965851303E+06
       297, 4.222503220E-02, 2.614047819E-02, 9.810073401E+04
       298, 4.251493156E-02, 2.621766863E-02, 9.709871631E+04
       299, 4.280483091E-02, 2.629485907E-02, 9.610955924E+04
       300, 4.309473027E-02, 2.637204950E-02, 9.513308034E+04
       301, 4.338462963E-02, 2.644923994E-02, 9.416910067E+04
       302,-2.212851141E-02, 2.651407731E-02, 1.968388165E+06
       303, 4.367452898E-02, 2.652643038E-02, 9.321744002E+04
       304, 4.396442834E-02, 2.660362081E-02, 9.227793368E+04
       305, 4.425432769E-02, 2.668081125E-02, 9.135041948E+04
       306, 4.454422705E-02, 2.675800168E-02, 9.043472235E+04
       307, 4.483412641E-02, 2.683519212E-02, 8.953067128E+04
       308, 4.512402576E-02, 2.691238256E-02, 8.863810074E+04
       309,-2.252287597E-02, 2.694342657E-02, 1.970703331E+06
       310, 4.541392512E-02, 2.698957299E-02, 8.775685373E+04
       311, 4.570382447E-02, 2.706676343E-02, 8.688677445E+04
       312, 4.599372383E-02, 2.714395386E-02, 8.602770561E+04
       313, 4.628362319E-02, 2.722114430E-02, 8.517949601E+04
       314, 4.657352254E-02, 2.729833474E-02, 8.434200856E+04
       315,-2.291724053E-02, 2.737277584E-02, 1.972823399E+06
       316, 4.686342190E-02, 2.737552517E-02, 8.351511682E+04
       317, 4.715332125E-02, 2.745271561E-02, 8.269856830E+04
       318, 4.744322061E-02, 2.752990604E-02, 8.189212820E+04
       319, 4.773311997E-02, 2.760709648E-02, 8.109571790E+04
       320, 4.802301932E-02, 2.768428692E-02, 8.030924638E+04
       321, 4.831291868E-02, 2.776147735E-02, 7.953259281E+04
       322,-2.331160508E-02, 2.780212510E-02, 1.974769743E+06
       323, 4.860281803E-02, 2.783866779E-02, 7.876562447E+04
       324, 4.889271739E-02, 2.791585823E-02, 7.800820497E+04
       325, 4.918261675E-02, 2.799304866E-02, 7.726020138E+04
       326, 4.947251610E-02, 2.807023910E-02, 7.652147873E+04
       327, 4.976241546E-02, 2.814742953E-02, 7.579190105E+04
       328, 5.005231481E-02, 2.822461997E-02, 7.507133880E+04
       329,-2.370596964E-02, 2.823147436E-02, 1.976556611E+06
       330, 5.034221417E-02, 2.830181041E-02, 7.435966704E+04
       331, 5.063211353E-02, 2.837900084E-02, 7.365676224E+04
       332, 5.092201288E-02, 2.845619128E-02, 7.296250232E+04
       333, 5.121191224E-02, 2.853338171E-02, 7.227676769E+04
       334, 5.150181159E-02, 2.861057215E-02, 7.159944208E+04
       335,-2.410033420E-02, 2.866082362E-02, 1.978194709E+06
       336, 5.179171095E-02, 2.868776259E-02, 7.093040627E+04
       337, 5.208161030E-02, 2.876495302E-02, 7.026954024E+04
       338, 5.237150966E-02, 2.884214346E-02, 6.961672886E+04
       339, 5.266140902E-02, 2.891933389E-02, 6.897186012E+04
       340, 5.295130837E-02, 2.899652433E-02, 6.833482809E+04
       341, 5.324120773E-02, 2.907371477E-02, 6.770553958E+04
       342,-2.449469875E-02, 2.909017288E-02, 1.979697696E+06
       343, 5.353110708E-02, 2.915090520E-02, 6.708388573E+04
       344, 5.382100644E-02, 2.922809564E-02, 6.646968533E+04
       345, 5.411090580E-02, 2.930528608E-02, 6.586278516E+04
       346, 5.440080515E-02, 2.938247651E-02, 6.526310442E+04
       347, 5.469070451E-02, 2.945966695E-02, 6.467052161E+04
       348,-2.488906331E-02, 2.951952215E-02, 1.981082410E+06
       349, 5.498060386E-02, 2.953685738E-02, 6.408480189E+04
       350, 5.527050322E-02, 2.961404782E-02, 6.350541075E+04
       351, 5.556040258E-02, 2.969123826E-02, 6.293092396E+04
       352, 5.585030193E-02, 2.976842869E-02, 6.235724415E+04
       353, 5.614020129E-02, 2.984561913E-02, 6.177195377E+04
       354, 5.643010064E-02, 2.992280956E-02, 6.115218039E+04
       355,-2.528342787E-02, 2.994887141E-02, 1.982364198E+06
       356, 5.672000000E-02, 3.000000000E-02, 6.000470769E+04
       357,-2.567779242E-02, 3.037822067E-02, 1.983554837E+06
       358,-2.607215698E-02, 3.080756993E-02, 1.984663262E+06
       359,-2.646652153E-02, 3.123691919E-02, 1.985696934E+06
       360,-2.686088609E-02, 3.166626845E-02, 1.986662616E+06
       361,-2.725525065E-02, 3.209561772E-02, 1.987565839E+06
       362,-2.764961520E-02, 3.252496698E-02, 1.988411383E+06
       363,-2.804397976E-02, 3.295431624E-02, 1.989203076E+06
       364,-2.843834432E-02, 3.338366550E-02, 1.989943677E+06
       365,-2.883270887E-02, 3.381301476E-02, 1.990636550E+06
       366,-2.922707343E-02, 3.424236403E-02, 1.991285841E+06
       367,-2.962143799E-02, 3.467171329E-02, 1.991895973E+06
       368,-3.001580254E-02, 3.510106255E-02, 1.992471458E+06
       369,-3.041016710E-02, 3.553041181E-02, 1.993016868E+06
       370,-3.080453165E-02, 3.595976107E-02, 1.993536306E+06
       371,-3.119889621E-02, 3.638911033E-02, 1.994031763E+06
       372,-3.159326077E-02, 3.681845960E-02, 1.994502766E+06
       373,-3.198762532E-02, 3.724780886E-02, 1.994948033E+06
       374,-3.238198988E-02, 3.767715812E-02, 1.995365675E+06
       375,-3.277635444E-02, 3.810650738E-02, 1.995756120E+06
       376,-3.317071899E-02, 3.853585664E-02, 1.996126726E+06
       377,-3.356508355E-02, 3.896520591E-02, 1.996485993E+06
       378,-3.395944811E-02, 3.939455517E-02, 1.996839736E+06
       379,-3.435381266E-02, 3.982390443E-02, 1.997198688E+06
       380,-3.474817722E-02, 4.025325369E-02, 1.997582675E+06
       381,-3.514254177E-02, 4.068260295E-02, 1.998029989E+06
       382,-3.553690633E-02, 4.111195221E-02, 1.998629337E+06
       383,-3.593127089E-02, 4.154130148E-02, 1.999583179E+06
       384,-3.632563544E-02, 4.197065074E-02, 2.001352189E+06
       385,-1.267200000E-01, 4.240000000E-02, 1.999981056E+06
       386,-1.252200000E-01, 4.240000000E-02, 1.993019786E+06
       387,-1.237200000E-01, 4.240000000E-02, 1.992989808E+06
       388,-1.222200000E-01, 4.240000000E-02, 1.992957114E+06
       389,-1.207200000E-01, 4.240000000E-02, 1.992943828E+06
       390,-1.192200000E-01, 4.240000000E-02, 1.992935148E+06
       391,-1.177200000E-01, 4.240000000E-02, 1.992928542E+06
       392,-1.162200000E-01, 4.240000000E-02, 1.992923192E+06
       393,-1.147200000E-01, 4.240000000E-02, 1.992918719E+06
       394,-1.132200000E-01, 4.240000000E-02, 1.992914916E+06
       395,-1.117200000E-01, 4.240000000E-02, 1.992911661E+06
       396,-1.102200000E-01, 4.240000000E-02, 1.992908877E+06
       397,-1.087200000E-01, 4.240000000E-02, 1.992906516E+06
       398,-1.072200000E-01, 4.240000000E-02, 1.992904550E+06
       399,-1.057200000E-01, 4.240000000E-02, 1.992902966E+06
       400,-1.042200000E-01, 4.240000000E-02, 1.992901760E+06
       401,-1.027200000E-01, 4.240000000E-02, 1.992900937E+06
       402,-1.012200000E-01, 4.240000000E-02, 1.992900510E+06
       403,-9.972000000E-02, 4.240000000E-02, 1.992900500E+06
       404,-9.822000000E-02, 4.240000000E-02, 1.992900932E+06
       405,-9.672000000E-02, 4.240000000E-02, 1.992901837E+06
       406,-9.522000000E-02, 4.240000000E-02, 1.992903253E+06
       407,-9.372000000E-02, 4.240000000E-02, 1.992905220E+06
       408,-9.222000000E-02, 4.240000000E-02, 1.992907785E+06
       409,-9.072000000E-02, 4.240000000E-02, 1.992911006E+06
       410,-8.922000000E-02, 4.240000000E-02, 1.992914957E+06
       411,-8.772000000E-02, 4.240000000E-02, 1.992919706E+06
       412,-8.622000000E-02, 4.240000000E-02, 1.992925302E+06
       413,-8.472000000E-02, 4.240000000E-02, 1.992931832E+06
       414,-8.322000000E-02, 4.240000000E-02, 1.992939408E+06
       415,-8.172000000E-02, 4.240000000E-02, 1.992948113E+06
       416,-8.022000000E-02, 4.240000000E-02, 1.992958053E+06
       417,-7.872000000E-02, 4.240000000E-02, 1.992969346E+06
       418,-7.722000000E-02, 4.240000000E-02, 1.992982103E+06
       419,-7.572000000E-02, 4.240000000E-02, 1.992996459E+06
       420,-7.422000000E-02, 4.240000000E-02, 1.993012553E+06
       421,-7.272000000E-02, 4.240000000E-02, 1.993030533E+06
       422,-7.122000000E-02, 4.240000000E-02, 1.993050601E+06
       423,-6.972000000E-02, 4.240000000E-02, 1.993072895E+06
       424,-6.822000000E-02, 4.240000000E-02, 1.993097568E+06
       425,-6.672000000E-02, 4.240000000E-02, 1.993124881E+06
       426,-6.522000000E-02, 4.240000000E-02, 1.993154979E+06
       427,-6.372000000E-02, 4.240000000E-02, 1.993188094E+06
       428,-6.222000000E-02, 4.240000000E-02, 1.993224627E+06
       429,-6.072000000E-02, 4.240000000E-02, 1.993264779E+06
       430,-5.922000000E-02, 4.240000000E-02, 1.993308681E+06
       431,-5.772000000E-02, 4.240000000E-02, 1.993356687E+06
       432,-5.622000000E-02, 4.240000000E-02, 1.993409171E+06
       433,-5.472000000E-02, 4.240000000E-02, 1.993466260E+06
       434,-5.322000000E-02, 4.240000000E-02, 1.993527947E+06
       435,-5.172000000E-02, 4.240000000E-02, 1.993594170E+06
       436,-5.022000000E-02, 4.240000000E-02, 1.993664621E+06
       437,-4.872000000E-02, 4.240000000E-02, 1.993738829E+06
       438,-4.722000000E-02, 4.240000000E-02, 1.993816081E+06
       439,-4.572000000E-02, 4.240000000E-02, 1.993895120E+06
       440,-4.422000000E-02, 4.240000000E-02, 1.993974295E+06
       441,-4.272000000E-02, 4.240000000E-02, 1.994051642E+06
       442,-4.122000000E-02, 4.240000000E-02, 1.994124702E+06
       443,-3.972000000E-02, 4.240000000E-02, 1.994157713E+06
       444,-3.822000000E-02, 4.240000000E-02, 1.994074335E+06
       445,-3.672000000E-02, 4.240000000E-02, 2.000133974E+06
