	SX	SY	SZ	SXY	SYZ	SXZ	S1	S2	S3	SINT	SEQV
Membrane	-0.49557	-0.83056	-6.7733	0.10345	0.	0.	-0.4662	-0.85993	-6.7733	6.3071	6.1197
Bending (Inside)	-0.38739	-6.0516	-13.487	0.	0.	0.	-0.38739	-6.0516	-13.487	13.1	11.379
Bending (Outside)	0.78837	5.586	13.487	0.	0.	0.	13.487	5.586	0.78837	12.699	11.107
Membrane+Bending (Inside)	-0.88296	-6.8822	-20.261	0.10345	0.	0.	-0.88118	-6.8839	-20.261	19.38	17.183
Membrane+Bending (Center)	-0.29508	-1.0634	-6.7733	0.10345	0.	0.	-0.2814	-1.077	-6.7733	6.4919	6.1329
Membrane+Bending (Outside)	0.29279	4.7554	6.7141	0.10345	0.	0.	6.7141	4.7578	0.2904	6.4237	5.7031
Peak (Inside)	0.	-5.814e-004	-11.936	1.2462	0.	0.	1.2459	-1.2465	-11.936	13.182	12.129
Peak (Center)	-0.29546	-4.0471e-002	2.6473	8.6223e-002	0.	0.	2.6473	-1.4052e-002	-0.32187	2.9692	2.8278
Peak (Outside)	5.8208e-017	2.4214e-002	-4.2713	-1.3166	0.	0.	1.3287	-1.3045	-4.2713	5.6001	4.8527
Total (Inside)	-0.88296	-6.8827	-32.197	1.3497	0.	0.	-0.59333	-7.1724	-32.197	31.603	28.881
Total (Center)	-0.59054	-1.1038	-4.126	0.18967	0.	0.	-0.52806	-1.1663	-4.126	3.598	3.3251
Total (Outside)	0.29279	4.7797	2.4428	-1.2131	0.	0.	5.0867	2.4428	-1.4198e-002	5.1009	4.4185

S (mm)	X Coordinate (mm)	Y Coordinate (mm)	Z Coordinate (mm)	Membrane (MPa)	Bending (MPa)	Membrane+Bending (MPa)	Peak (MPa)	Total (MPa)
0.	15.115	-0.80108	0.	6.1197	11.379	17.183	12.129	28.881
8.5902e-002	15.201	-0.80032	0.	6.1197	10.911	16.718	9.9053	26.227
0.1718	15.287	-0.79957	0.	6.1197	10.444	16.253	7.6533	23.543
0.25771	15.373	-0.79881	0.	6.1197	9.9755	15.788	5.442	20.889
0.34361	15.459	-0.79805	0.	6.1197	9.5076	15.323	3.2803	18.249
0.42951	15.544	-0.79729	0.	6.1197	9.0397	14.858	2.1898	16.623
0.51541	15.63	-0.79654	0.	6.1197	8.5719	14.394	1.4693	15.269
0.60132	15.716	-0.79578	0.	6.1197	8.104	13.929	1.0868	13.927
0.68722	15.802	-0.79502	0.	6.1197	7.6363	13.466	1.3408	12.599
0.77312	15.888	-0.79427	0.	6.1197	7.1685	13.002	1.775	11.526
0.85902	15.974	-0.79351	0.	6.1197	6.7009	12.539	2.1098	10.66
0.94493	16.06	-0.79275	0.	6.1197	6.2334	12.076	2.4379	9.8276
1.0308	16.146	-0.79199	0.	6.1197	5.7659	11.613	2.7518	9.0233
1.1167	16.232	-0.79124	0.	6.1197	5.2986	11.151	3.0496	8.2436
1.2026	16.317	-0.79048	0.	6.1197	4.8315	10.69	3.1541	7.6649
1.2885	16.403	-0.78972	0.	6.1197	4.3646	10.229	3.2191	7.1274
1.3744	16.489	-0.78896	0.	6.1197	3.8981	9.7691	3.2755	6.5994
1.4603	16.575	-0.78821	0.	6.1197	3.432	9.3098	3.3238	6.0804
1.5462	16.661	-0.78745	0.	6.1197	2.9666	8.8515	3.3643	5.57
1.6321	16.747	-0.78669	0.	6.1197	2.5022	8.3942	3.3235	5.142
1.718	16.833	-0.78594	0.	6.1197	2.0397	7.9382	3.2379	4.7603
1.8039	16.919	-0.78518	0.	6.1197	1.5804	7.4838	3.1527	4.3802
1.8899	17.005	-0.78442	0.	6.1197	1.1286	7.0312	3.0678	4.0019
1.9758	17.091	-0.78366	0.	6.1197	0.69865	6.5807	2.9834	3.6262
2.0617	17.176	-0.78291	0.	6.1197	0.37558	6.1329	2.8278	3.3251
2.1476	17.262	-0.78215	0.	6.1197	0.48218	5.6884	2.6397	3.0621
2.2335	17.348	-0.78139	0.	6.1197	0.87317	5.248	2.4521	2.8061
2.3194	17.434	-0.78063	0.	6.1197	1.3156	4.8129	2.2654	2.5594
2.4053	17.52	-0.77988	0.	6.1197	1.7714	4.3846	2.0821	2.3222
2.4912	17.606	-0.77912	0.	6.1197	2.2323	3.9654	1.8764	2.1251
2.5771	17.692	-0.77836	0.	6.1197	2.6957	3.5584	1.6232	1.9993
2.663	17.778	-0.77761	0.	6.1197	3.1606	3.1684	1.3724	1.8997
2.7489	17.864	-0.77685	0.	6.1197	3.6263	2.8024	1.1261	1.8304
2.8348	17.95	-0.77609	0.	6.1197	4.0926	2.4712	0.8889	1.7945
2.9207	18.035	-0.77533	0.	6.1197	4.5593	2.1905	0.67164	1.794
3.0066	18.121	-0.77458	0.	6.1197	5.0263	1.9821	0.49422	1.8741
3.0925	18.207	-0.77382	0.	6.1197	5.4935	1.8702	0.49781	1.9862
3.1784	18.293	-0.77306	0.	6.1197	5.9609	1.8721	0.68725	2.1206
3.2643	18.379	-0.7723	0.	6.1197	6.4283	1.9876	0.9613	2.2732
3.3502	18.465	-0.77155	0.	6.1197	6.8959	2.1988	1.2688	2.4405
3.4361	18.551	-0.77079	0.	6.1197	7.3636	2.4814	1.5926	2.6197
3.522	18.637	-0.77003	0.	6.1197	7.8313	2.814	1.9563	2.8489
3.6079	18.723	-0.76928	0.	6.1197	8.2991	3.1809	2.332	3.0863
3.6938	18.809	-0.76852	0.	6.1197	8.767	3.5716	2.7579	3.3038
3.7797	18.894	-0.76776	0.	6.1197	9.2348	3.9791	3.1813	3.5243
3.8656	18.98	-0.767	0.	6.1197	9.7028	4.3987	3.6023	3.7466
3.9515	19.066	-0.76625	0.	6.1197	10.171	4.8272	4.0211	3.9701
4.0374	19.152	-0.76549	0.	6.1197	10.639	5.2625	4.4379	4.1942
4.1233	19.238	-0.76473	0.	6.1197	11.107	5.7031	4.8527	4.4185
