	SX	SY	SZ	SXY	SYZ	SXZ	S1	S2	S3	SINT	SEQV
Membrane	2.3713	8.2049	6.562	-3.3809	0.	0.	9.7533	6.562	0.82287	8.9305	7.8382
Bending (Inside)	-6.1943	21.878	4.5448	0.	0.	0.	21.878	4.5448	-6.1943	28.072	24.534
Bending (Outside)	-2.4637	-21.416	-4.5448	0.	0.	0.	-2.4637	-4.5448	-21.416	18.952	18.002
Membrane+Bending (Inside)	-3.8231	30.083	11.107	-3.3809	0.	0.	30.417	11.107	-4.1569	34.574	30.01
Membrane+Bending (Center)	-1.9578	8.4359	6.562	-3.3809	0.	0.	9.4389	6.562	-2.9607	12.4	11.241
Membrane+Bending (Outside)	-9.2458e-002	-13.211	2.0172	-3.3809	0.	0.	2.0172	0.72759	-14.031	16.048	15.444
Peak (Inside)	0.	7.0493	-0.40508	6.3181	0.	0.	10.759	-0.40508	-3.7101	14.469	13.133
Peak (Center)	5.4258	-2.4064	-0.33916	-0.28723	0.	0.	5.4364	-0.33916	-2.4169	7.8533	7.048
Peak (Outside)	-2.0373e-016	2.1889	0.27161	3.0857	0.	0.	4.3685	0.27161	-2.1796	6.5481	5.7302
Total (Inside)	-3.8231	37.132	10.702	2.9372	0.	0.	37.342	10.702	-4.0326	41.374	36.322
Total (Center)	3.4681	6.0295	6.2228	-3.6681	0.	0.	8.6341	6.2228	0.86355	7.7705	6.889
Total (Outside)	-9.2458e-002	-11.022	2.2888	-0.29519	0.	0.	2.2888	-8.4491e-002	-11.03	13.319	12.305

S (mm)	X Coordinate (mm)	Y Coordinate (mm)	Z Coordinate (mm)	Membrane (MPa)	Bending (MPa)	Membrane+Bending (MPa)	Peak (MPa)	Total (MPa)
0.	42.03	36.38	0.	9.7533	21.878	30.417	10.759	37.342
8.3393e-002	42.088	36.32	0.	9.7533	20.976	29.524	8.3412	35.091
0.16679	42.146	36.26	0.	9.7533	20.074	28.633	6.1524	33.255
0.25018	42.204	36.2	0.	9.7533	19.172	27.742	4.4317	31.839
0.33357	42.262	36.14	0.	9.7533	18.27	26.851	6.608	30.83
0.41696	42.32	36.08	0.	9.7533	17.368	25.962	8.6601	30.196
0.50036	42.378	36.02	0.	9.7533	16.466	25.073	10.526	29.882
0.58375	42.435	35.96	0.	9.7533	15.564	24.185	10.576	28.508
0.66714	42.493	35.9	0.	9.7533	14.662	23.299	9.7731	26.483
0.75053	42.551	35.84	0.	9.7533	13.76	22.413	9.1804	24.593
0.83393	42.609	35.78	0.	9.7533	12.858	21.528	8.7722	22.833
0.91732	42.667	35.72	0.	9.7533	11.956	20.645	8.5206	21.203
1.0007	42.725	35.66	0.	9.7533	11.054	19.764	8.3983	19.708
1.0841	42.783	35.6	0.	9.7533	10.152	18.884	8.3824	18.354
1.1675	42.841	35.54	0.	9.7533	9.2505	18.007	8.1863	17.275
1.2509	42.899	35.48	0.	9.7533	8.3486	17.131	7.8175	16.336
1.3343	42.957	35.42	0.	9.7533	7.4466	16.258	7.4843	15.404
1.4177	43.015	35.36	0.	9.7533	6.5447	15.389	7.1853	14.478
1.5011	43.073	35.3	0.	9.7533	5.6427	14.522	6.9197	13.561
1.5845	43.13	35.24	0.	9.7533	4.7408	13.66	6.6865	12.655
1.6679	43.188	35.18	0.	9.7533	3.8388	12.802	6.4848	11.763
1.7512	43.246	35.12	0.	9.7533	2.9369	11.95	6.3139	10.891
1.8346	43.304	35.06	0.	9.7533	2.0349	11.105	6.0591	10.111
1.918	43.362	35.	0.	9.7533	1.1329	10.267	5.7435	9.3699
2.0014	43.42	34.94	0.	9.7533	0.23099	9.4389	5.4364	8.6341
2.0848	43.478	34.88	0.	9.7533	-0.18937	8.6223	5.1394	7.9042
2.1682	43.536	34.82	0.	9.7533	-0.37873	7.8199	4.8551	7.182
2.2516	43.594	34.76	0.	9.7533	-0.5681	7.035	4.5864	6.4693
2.335	43.652	34.7	0.	9.7533	-0.75746	6.2716	4.3369	5.7689
2.4184	43.71	34.64	0.	9.7533	-0.94683	5.6151	4.1238	5.3939
2.5018	43.767	34.58	0.	9.7533	-1.1362	5.4258	3.93	5.2442
2.5852	43.825	34.52	0.	9.7533	-1.3256	5.2364	3.7594	5.0944
2.6686	43.883	34.46	0.	9.7533	-1.5149	5.047	3.6179	4.9444
2.752	43.941	34.4	0.	9.7533	-1.7043	4.8577	3.5119	4.7942
2.8354	43.999	34.34	0.	9.7533	-1.8937	4.6683	3.4473	4.6438
2.9187	44.057	34.28	0.	9.7533	-2.083	4.4789	3.4232	4.4923
3.0021	44.115	34.22	0.	9.7533	-2.2724	4.2896	3.4281	4.3394
3.0855	44.173	34.16	0.	9.7533	-2.4618	4.1002	3.4644	4.186
3.1689	44.231	34.1	0.	9.7533	-2.6511	3.9108	3.5305	4.0323
3.2523	44.289	34.04	0.	9.7533	-2.8405	3.7215	3.624	3.8782
3.3357	44.347	33.98	0.	9.7533	-3.0299	3.5321	3.7417	3.7236
3.4191	44.405	33.92	0.	9.7533	-3.0078	3.3427	3.8803	3.5686
3.5025	44.462	33.86	0.	9.7533	-2.93	3.1534	3.9811	3.3943
3.5859	44.52	33.8	0.	9.7533	-2.8523	2.964	4.0636	3.214
3.6693	44.578	33.74	0.	9.7533	-2.7746	2.7746	4.1392	3.0321
3.7527	44.636	33.68	0.	9.7533	-2.6969	2.5853	4.2076	2.8486
3.8361	44.694	33.62	0.	9.7533	-2.6192	2.3959	4.2686	2.6636
3.9195	44.752	33.56	0.	9.7533	-2.5414	2.2065	4.3223	2.477
4.0028	44.81	33.5	0.	9.7533	-2.4637	2.0172	4.3685	2.2888
