	SX	SY	SZ	SXY	SYZ	SXZ	S1	S2	S3	SINT	SEQV
Membrane	2.2384	8.2602	6.5356	-3.4657	0.	0.	9.8402	6.5356	0.65836	9.1818	8.0551
Bending (Inside)	-5.7548	22.039	4.5105	0.	0.	0.	22.039	4.5105	-5.7548	27.794	24.342
Bending (Outside)	-2.286	-21.573	-4.5105	0.	0.	0.	-2.286	-4.5105	-21.573	19.287	18.277
Membrane+Bending (Inside)	-3.5165	30.299	11.046	-3.4657	0.	0.	30.651	11.046	-3.868	34.519	29.986
Membrane+Bending (Center)	-1.782	8.4929	6.5356	-3.4657	0.	0.	9.5525	6.5356	-2.8417	12.394	11.195
Membrane+Bending (Outside)	-4.7636e-002	-13.313	2.025	-3.4657	0.	0.	2.025	0.80321	-14.164	16.189	15.614
Peak (Inside)	4.6566e-016	6.4376	-0.36619	5.5225	0.	0.	9.6109	-0.36619	-3.1733	12.784	11.637
Peak (Center)	5.1704	-2.4879	-0.341	-0.14101	0.	0.	5.173	-0.341	-2.4905	7.6635	6.8467
Peak (Outside)	1.3097e-016	2.2042	0.24919	3.1842	0.	0.	4.4717	0.24919	-2.2674	6.7391	5.8982
Total (Inside)	-3.5165	36.737	10.68	2.0569	0.	0.	36.841	10.68	-3.6213	40.463	35.54
Total (Center)	3.3884	6.0049	6.1946	-3.6067	0.	0.	8.5333	6.1946	0.86	7.6733	6.812
Total (Outside)	-4.7636e-002	-11.109	2.2742	-0.28148	0.	0.	2.2742	-4.0478e-002	-11.116	13.39	12.396

S (mm)	X Coordinate (mm)	Y Coordinate (mm)	Z Coordinate (mm)	Membrane (MPa)	Bending (MPa)	Membrane+Bending (MPa)	Peak (MPa)	Total (MPa)
0.	42.03	36.38	0.	9.8402	22.039	30.651	9.6109	36.841
8.3393e-002	42.088	36.32	0.	9.8402	21.13	29.752	7.096	34.962
0.16679	42.146	36.26	0.	9.8402	20.222	28.855	5.1302	33.693
0.25018	42.204	36.2	0.	9.8402	19.313	27.958	5.7311	32.951
0.33357	42.262	36.14	0.	9.8402	18.405	27.061	7.7642	32.628
0.41696	42.32	36.08	0.	9.8402	17.496	26.166	8.4444	31.56
0.50036	42.378	36.02	0.	9.8402	16.587	25.271	7.9125	29.379
0.58375	42.435	35.96	0.	9.8402	15.679	24.377	7.8079	27.438
0.66714	42.493	35.9	0.	9.8402	14.77	23.485	8.0643	25.727
0.75053	42.551	35.84	0.	9.8402	13.862	22.594	8.587	24.155
0.83393	42.609	35.78	0.	9.8402	12.953	21.703	8.6471	22.736
0.91732	42.667	35.72	0.	9.8402	12.044	20.815	8.4077	21.362
1.0007	42.725	35.66	0.	9.8402	11.136	19.928	8.2224	20.029
1.0841	42.783	35.6	0.	9.8402	10.227	19.043	8.0854	18.739
1.1675	42.841	35.54	0.	9.8402	9.3186	18.16	7.9905	17.495
1.2509	42.899	35.48	0.	9.8402	8.41	17.28	7.7197	16.424
1.3343	42.957	35.42	0.	9.8402	7.5014	16.402	7.3861	15.424
1.4177	43.015	35.36	0.	9.8402	6.5928	15.527	7.0794	14.439
1.5011	43.073	35.3	0.	9.8402	5.6842	14.656	6.799	13.468
1.5845	43.13	35.24	0.	9.8402	4.7756	13.79	6.5443	12.515
1.6679	43.188	35.18	0.	9.8402	3.8671	12.928	6.2578	11.673
1.7512	43.246	35.12	0.	9.8402	2.9585	12.072	5.9641	10.874
1.8346	43.304	35.06	0.	9.8402	2.0499	11.223	5.6847	10.084
1.918	43.362	35.	0.	9.8402	1.1413	10.383	5.4206	9.3025
2.0014	43.42	34.94	0.	9.8402	0.23269	9.5525	5.173	8.5333
2.0848	43.478	34.88	0.	9.8402	-0.18794	8.7343	4.9149	7.8189
2.1682	43.536	34.82	0.	9.8402	-0.37588	7.931	4.6546	7.1452
2.2516	43.594	34.76	0.	9.8402	-0.56382	7.1459	4.4152	6.4832
2.335	43.652	34.7	0.	9.8402	-0.75176	6.3834	4.1992	5.8363
2.4184	43.71	34.64	0.	9.8402	-0.9397	5.6489	4.0097	5.3926
2.5018	43.767	34.58	0.	9.8402	-1.1276	5.4079	3.8342	5.2398
2.5852	43.825	34.52	0.	9.8402	-1.3156	5.22	3.6752	5.0888
2.6686	43.883	34.46	0.	9.8402	-1.5035	5.0321	3.5462	4.9376
2.752	43.941	34.4	0.	9.8402	-1.6915	4.8441	3.4531	4.7861
2.8354	43.999	34.34	0.	9.8402	-1.8794	4.6562	3.401	4.6343
2.9187	44.057	34.28	0.	9.8402	-2.0673	4.4682	3.3885	4.4825
3.0021	44.115	34.22	0.	9.8402	-2.2553	4.2803	3.4131	4.3307
3.0855	44.173	34.16	0.	9.8402	-2.4432	4.0924	3.4742	4.1788
3.1689	44.231	34.1	0.	9.8402	-2.6312	3.9044	3.5694	4.0268
3.2523	44.289	34.04	0.	9.8402	-2.8191	3.7165	3.6848	3.8717
3.3357	44.347	33.98	0.	9.8402	-2.8641	3.5285	3.7859	3.7072
3.4191	44.405	33.92	0.	9.8402	-2.7919	3.3406	3.8989	3.5425
3.5025	44.462	33.86	0.	9.8402	-2.7196	3.1527	4.0219	3.3777
3.5859	44.52	33.8	0.	9.8402	-2.6473	2.9647	4.1536	3.2127
3.6693	44.578	33.74	0.	9.8402	-2.5751	2.7768	4.2456	3.0329
3.7527	44.636	33.68	0.	9.8402	-2.5028	2.5888	4.3082	2.8441
3.8361	44.694	33.62	0.	9.8402	-2.4305	2.4009	4.3668	2.6548
3.9195	44.752	33.56	0.	9.8402	-2.3583	2.213	4.4213	2.4648
4.0028	44.81	33.5	0.	9.8402	-2.286	2.025	4.4717	2.2742
